name: hackathon
channels:
- defaults
- conda-forge
dependencies:
- absl-py=0.6.1=py36_1000
- backports=1.0=py_2
- backports.functools_lru_cache=1.5=py_1
- backports.weakref=1.0.post1=py36_1000
- blas=1.1=openblas
- bleach=1.5.0=py36_0
- bzip2=1.0.6=h470a237_2
- ca-certificates=2018.10.15=ha4d7672_0
- cairo=1.14.12=h276e583_5
- cycler=0.10.0=py_1
- dbus=1.13.0=h3a4f0e9_0
- expat=2.2.5=hfc679d8_2
- ffmpeg=4.0.2=ha0c5888_2
- fontconfig=2.13.1=h65d0f4c_0
- freetype=2.9.1=h6debe1e_4
- gettext=0.19.8.1=h5e8e0c9_1
- giflib=5.1.4=h470a237_1
- glib=2.56.2=h464dc38_1
- gmp=6.1.2=0
- gnutls=3.5.19=h2a4e5f8_1
- graphite2=1.3.12=hfc679d8_1
- gst-plugins-base=1.12.5=hde13a9d_0
- gstreamer=1.12.5=h5856ed1_0
- h5py=2.8.0=py36h097b052_4
- harfbuzz=1.9.0=h04dbb29_1
- hdf5=1.10.3=hc401514_2
- html5lib=0.9999999=py36_0
- icu=58.2=hfc679d8_0
- jasper=1.900.1=hff1ad4c_5
- jpeg=9c=h470a237_1
- keras=2.2.4=py36_0
- keras-applications=1.0.4=py_1
- keras-preprocessing=1.0.2=py_1
- kiwisolver=1.0.1=py36h2d50403_2
- libffi=3.2.1=hfc679d8_5
- libgcc-ng=7.2.0=hdf63c60_3
- libgfortran=3.0.0=1
- libgpuarray=0.7.6=h470a237_3
- libiconv=1.15=h470a237_3
- libpng=1.6.35=ha92aebf_2
- libprotobuf=3.6.1=hd28b015_0
- libstdcxx-ng=7.2.0=hdf63c60_3
- libtiff=4.0.9=he6b73bb_2
- libuuid=2.32.1=h470a237_2
- libwebp=0.5.2=7
- libxcb=1.13=h470a237_2
- libxml2=2.9.8=h422b904_5
- mako=1.0.7=py_1
- markdown=2.6.11=py_0
- markupsafe=1.1.0=py36h470a237_0
- matplotlib=2.2.3=py36h8e2386c_0
- ncurses=6.1=hfc679d8_1
- nettle=3.3=0
- numpy=1.15.2=py36_blas_openblashd3ea46f_1
- openblas=0.2.20=8
- opencv=3.4.3=py36_blas_openblash1006a3a_201
- openh264=1.8.0=hd28b015_0
- openssl=1.0.2p=h470a237_1
- pcre=8.41=hfc679d8_3
- pixman=0.34.0=h470a237_3
- protobuf=3.6.1=py36hfc679d8_1
- pthread-stubs=0.4=h470a237_1
- pygpu=0.7.6=py36_0
- pyparsing=2.3.0=py_0
- pyqt=5.6.0=py36h8210e8a_7
- python=3.6.7=h5001a0f_1
- python-dateutil=2.7.5=py_0
- pytz=2018.7=py_0
- pyyaml=3.13=py36h470a237_1
- qt=5.6.2=hf70d934_9
- readline=7.0=haf1bffa_1
- scipy=1.1.0=py36_blas_openblashd3ea46f_201
- sip=4.18.1=py36hfc679d8_0
- six=1.11.0=py36_1001
- sqlite=3.25.3=hb1c47c0_0
- tensorboard=1.5.1=py36_1
- tensorflow=1.5.1=py36_0
- theano=1.0.3=py36hfc679d8_1
- tk=8.6.9=ha92aebf_0
- toolchain=2.3.0=0
- toolchain_c_linux-64=2.3.0=0
- toolchain_cxx_linux-64=2.3.0=0
- tornado=5.1.1=py36h470a237_0
- webencodings=0.5.1=py_1
- werkzeug=0.14.1=py_0
- x264=1!152.20180717=h470a237_1
- xorg-kbproto=1.0.7=h470a237_2
- xorg-libice=1.0.9=h470a237_4
- xorg-libsm=1.2.3=h8c8a85c_0
- xorg-libx11=1.6.6=h470a237_0
- xorg-libxau=1.0.8=h470a237_6
- xorg-libxdmcp=1.1.2=h470a237_7
- xorg-libxext=1.3.3=h470a237_4
- xorg-libxrender=0.9.10=h470a237_2
- xorg-renderproto=0.11.1=h470a237_2
- xorg-xextproto=7.3.0=h470a237_2
- xorg-xproto=7.0.31=h470a237_7
- xz=5.2.4=h470a237_1
- yaml=0.1.7=h470a237_1
- certifi=2016.2.28=py36_0
- mkl=2017.0.3=0
- pip=9.0.1=py36_1
- setuptools=36.4.0=py36_1
- wheel=0.29.0=py36_0
- zlib=1.2.11=0
prefix: /home/synapt1x/anaconda3/envs/hackathon

